N      no-test   index    update5 
1000      0.33     0.50     0.26  
2000      2.26     3.94     1.79  
3000      7.67    13.46     6.23  
4000     19.14    39.02    15.76  
5000     44.06   100.47    31.85  
6000     83.52   175.36    48.03  
7000    139.92   280.14   72.13   
8000    214.21   419.08   120.89  
9000    308.96   592.43   179.07  
10000    426.09   816.05   245.07 
11000    568.03  1085.68   326.55 
12000    780.1   1533.97   433.05 
13000    954.93  1905.73   587.52 
14000    1232.52 2397.19   821.62  
15000    1626.79 2983.63   1020.12 