[[31, 79, 58, 49, 53, 59, 8, 18, 28, 15, 47, 69, 67, 50, 87, 59, 12, 78, 60, 65, 59, 58, 13, 58, 81, 34, 62, 7, 38, 46], [99, 25, 31, 44, 100, 86, 8, 27, 83, 10, 87, 32, 93, 33, 46, 68, 17, 58, 53, 80, 100, 68, 44, 44, 45, 83, 35, 21, 37, 7], [15, 13, 79, 74, 71, 49, 73, 20, 91, 53, 95, 19, 52, 71, 52, 47, 20, 41, 27, 33, 70, 65, 63, 39, 97, 13, 37, 16, 37, 97], [40, 92, 52, 72, 48, 30, 78, 98, 30, 79, 30, 73, 80, 48, 75, 31, 12, 14, 47, 91, 17, 48, 72, 24, 74, 34, 82, 60, 57, 21], [49, 87, 6, 77, 52, 74, 68, 46, 34, 65, 18, 61, 14, 67, 65, 13, 77, 44, 80, 8, 22, 52, 23, 36, 68, 18, 70, 14, 21, 61], [81, 21, 33, 93, 100, 60, 47, 38, 63, 61, 33, 7, 19, 97, 45, 51, 49, 80, 11, 12, 31, 51, 69, 52, 47, 95, 20, 59, 57, 50], [82, 30, 96, 36, 57, 54, 86, 47, 32, 7, 39, 84, 5, 91, 57, 18, 34, 58, 35, 15, 68, 69, 16, 31, 28, 68, 75, 74, 95, 78], [35, 15, 64, 92, 98, 27, 27, 8, 18, 58, 57, 40, 34, 84, 49, 82, 97, 35, 24, 96, 65, 32, 64, 54, 91, 29, 100, 94, 22, 20], [56, 9, 33, 46, 98, 100, 19, 90, 13, 76, 86, 90, 26, 90, 16, 54, 50, 35, 7, 79, 37, 68, 44, 40, 90, 14, 75, 76, 41, 30], [5, 94, 95, 28, 8, 16, 11, 84, 90, 19, 76, 22, 40, 62, 74, 88, 9, 23, 31, 34, 100, 79, 35, 98, 52, 53, 46, 18, 94, 6], [21, 27, 31, 17, 6, 70, 98, 16, 33, 53, 94, 71, 78, 60, 45, 24, 87, 82, 7, 73, 13, 75, 84, 17, 46, 16, 59, 94, 12, 43], [98, 33, 17, 51, 53, 68, 35, 96, 55, 32, 97, 93, 52, 7, 62, 58, 19, 65, 85, 15, 74, 18, 76, 45, 5, 97, 20, 62, 22, 94], [75, 82, 46, 49, 65, 80, 86, 6, 68, 15, 32, 84, 29, 81, 49, 27, 37, 55, 78, 63, 94, 88, 77, 62, 32, 44, 16, 40, 93, 45], [15, 67, 97, 88, 31, 48, 55, 28, 30, 27, 100, 76, 85, 83, 97, 15, 89, 11, 50, 62, 39, 19, 23, 84, 35, 34, 93, 18, 92, 93], [62, 20, 19, 32, 60, 19, 48, 16, 56, 7, 73, 10, 23, 21, 84, 10, 46, 61, 54, 70, 82, 42, 84, 35, 99, 53, 75, 89, 81, 86], [56, 9, 52, 22, 90, 27, 26, 28, 66, 59, 96, 44, 32, 9, 5, 40, 93, 55, 90, 14, 13, 85, 15, 9, 43, 93, 71, 14, 85, 85], [81, 91, 28, 99, 35, 81, 60, 79, 65, 66, 64, 79, 75, 17, 84, 56, 36, 54, 97, 87, 85, 49, 80, 41, 70, 66, 28, 30, 10, 18], [46, 50, 20, 45, 63, 27, 37, 40, 53, 40, 75, 36, 46, 41, 22, 70, 27, 33, 81, 96, 69, 92, 87, 51, 78, 36, 49, 56, 97, 86], [51, 67, 24, 82, 58, 56, 78, 65, 11, 32, 21, 75, 8, 24, 62, 71, 53, 87, 93, 17, 96, 63, 66, 14, 64, 74, 60, 13, 55, 94], [74, 18, 97, 97, 21, 81, 44, 61, 47, 80, 100, 81, 94, 95, 13, 29, 74, 61, 9, 14, 54, 64, 21, 21, 17, 59, 5, 59, 50, 49], [70, 55, 74, 78, 93, 81, 54, 52, 27, 62, 18, 94, 86, 16, 80, 16, 74, 13, 51, 68, 74, 45, 93, 79, 24, 69, 75, 37, 75, 91], [83, 78, 65, 30, 81, 39, 56, 35, 35, 20, 97, 19, 13, 94, 58, 47, 75, 41, 17, 75, 21, 58, 96, 94, 39, 79, 63, 51, 18, 41], [67, 99, 5, 73, 86, 96, 45, 16, 31, 86, 89, 66, 16, 16, 50, 61, 8, 70, 57, 6, 14, 48, 74, 84, 46, 33, 97, 49, 35, 47], [6, 33, 54, 93, 75, 80, 57, 15, 42, 100, 9, 89, 70, 32, 79, 85, 9, 15, 68, 100, 7, 68, 18, 67, 64, 13, 70, 91, 87, 7], [28, 28, 48, 18, 87, 79, 82, 24, 6, 92, 32, 68, 92, 8, 5, 5, 20, 9, 83, 63, 99, 81, 97, 27, 32, 86, 28, 10, 69, 81], [97, 94, 16, 79, 86, 72, 83, 85, 47, 8, 48, 24, 15, 16, 71, 53, 56, 76, 57, 65, 13, 86, 48, 19, 83, 75, 10, 23, 6, 30], [14, 73, 55, 99, 76, 63, 53, 10, 11, 64, 5, 9, 26, 89, 49, 73, 44, 21, 40, 13, 78, 22, 41, 99, 61, 49, 57, 80, 29, 66], [88, 59, 47, 18, 28, 95, 56, 33, 45, 60, 56, 72, 29, 67, 47, 95, 20, 19, 49, 53, 71, 43, 92, 50, 17, 16, 98, 17, 95, 31], [13, 34, 64, 46, 80, 63, 43, 65, 98, 44, 19, 44, 85, 25, 96, 61, 62, 35, 93, 8, 33, 45, 50, 50, 19, 26, 14, 59, 38, 59], [61, 72, 57, 67, 61, 67, 64, 35, 28, 80, 37, 57, 23, 46, 55, 65, 55, 39, 97, 54, 82, 75, 58, 90, 17, 93, 86, 53, 75, 54], [30, 81, 28, 35, 54, 85, 41, 52, 8, 16, 10, 11, 88, 85, 83, 10, 12, 31, 59, 37, 51, 21, 75, 35, 11, 76, 91, 6, 46, 84], [72, 87, 44, 40, 73, 19, 27, 62, 69, 16, 53, 40, 53, 97, 12, 100, 48, 79, 45, 34, 78, 71, 18, 72, 77, 42, 93, 66, 37, 6], [69, 25, 77, 55, 49, 20, 73, 20, 45, 85, 93, 99, 96, 58, 24, 85, 81, 100, 67, 18, 53, 48, 85, 42, 36, 12, 85, 77, 8, 46], [51, 50, 93, 19, 34, 22, 28, 92, 95, 9, 65, 27, 23, 33, 23, 52, 100, 61, 74, 52, 6, 13, 30, 28, 85, 85, 86, 66, 58, 67], [44, 69, 81, 78, 63, 10, 74, 40, 76, 56, 89, 37, 94, 86, 36, 51, 56, 78, 71, 86, 40, 53, 46, 92, 34, 61, 16, 86, 41, 37], [60, 52, 86, 56, 54, 15, 7, 43, 100, 93, 65, 65, 42, 22, 5, 37, 35, 23, 29, 7, 63, 94, 71, 48, 45, 34, 18, 62, 59, 5], [44, 31, 21, 72, 55, 65, 73, 99, 82, 64, 89, 50, 99, 78, 67, 91, 54, 74, 32, 97, 64, 80, 49, 88, 12, 15, 53, 75, 82, 47], [67, 58, 97, 67, 45, 98, 15, 99, 19, 32, 83, 75, 98, 76, 66, 38, 5, 16, 33, 8, 53, 79, 97, 52, 89, 99, 87, 49, 36, 98], [28, 44, 12, 81, 67, 13, 26, 58, 56, 81, 30, 93, 47, 83, 27, 8, 10, 40, 96, 9, 40, 15, 94, 69, 78, 73, 68, 79, 5, 88], [76, 75, 42, 81, 41, 9, 92, 27, 14, 64, 27, 87, 47, 5, 96, 54, 30, 70, 55, 7, 77, 43, 72, 90, 63, 69, 29, 27, 44, 86], [55, 38, 79, 86, 91, 33, 73, 61, 48, 43, 15, 31, 57, 90, 88, 23, 70, 13, 69, 37, 48, 73, 45, 82, 56, 100, 66, 33, 79, 44], [56, 18, 16, 60, 22, 100, 87, 72, 75, 62, 10, 42, 52, 92, 26, 52, 38, 17, 14, 40, 12, 11, 38, 24, 58, 6, 33, 48, 97, 65], [89, 37, 48, 45, 90, 97, 97, 77, 53, 56, 99, 32, 38, 91, 42, 27, 58, 36, 90, 92, 34, 55, 99, 76, 25, 61, 64, 67, 7, 33], [87, 28, 33, 35, 22, 19, 38, 88, 5, 32, 10, 58, 29, 81, 61, 80, 65, 47, 87, 50, 96, 100, 61, 69, 29, 83, 69, 91, 30, 80], [50, 22, 21, 58, 35, 14, 46, 67, 35, 96, 79, 54, 94, 46, 18, 8, 95, 97, 75, 14, 33, 8, 9, 28, 59, 11, 99, 48, 30, 54], [80, 35, 9, 9, 86, 15, 66, 41, 79, 10, 91, 72, 48, 24, 98, 33, 52, 42, 27, 44, 19, 5, 32, 15, 44, 87, 20, 5, 15, 53], [31, 51, 7, 36, 44, 46, 57, 79, 49, 85, 55, 29, 26, 35, 62, 28, 92, 51, 87, 70, 37, 26, 76, 36, 28, 94, 51, 9, 52, 49], [87, 73, 23, 19, 62, 9, 35, 18, 6, 93, 13, 5, 94, 23, 83, 8, 19, 15, 72, 64, 50, 28, 13, 59, 27, 61, 70, 86, 52, 5], [31, 86, 56, 64, 48, 20, 91, 79, 100, 87, 32, 29, 28, 93, 58, 48, 97, 62, 92, 99, 12, 39, 75, 83, 19, 35, 57, 81, 15, 62], [33, 25, 54, 44, 66, 35, 84, 12, 87, 7, 75, 38, 41, 6, 72, 20, 68, 74, 86, 72, 33, 75, 84, 35, 16, 90, 19, 62, 27, 17]]
[np.int64(381), np.int64(530), np.int64(298), np.int64(359), np.int64(649), np.int64(682), np.int64(804), np.int64(453), np.int64(477), np.int64(532), np.int64(378), np.int64(346), np.int64(535), np.int64(399), np.int64(641), np.int64(514), np.int64(729), np.int64(657), np.int64(444), np.int64(729), np.int64(714), np.int64(486), np.int64(431), np.int64(647), np.int64(350), np.int64(383), np.int64(277), np.int64(704), np.int64(638), np.int64(660)]
[135, 410, 362, 275, 273, 444, 134, 379, 180, 137, 311, 491, 395, 405, 387, 415, 305, 151, 436, 280, 300, 248, 173, 471, 413, 358, 261, 429, 318, 277, 280, 191, 136, 322, 456, 125, 444, 431, 210, 353, 166, 403, 380, 242, 127, 489, 278, 458, 371, 412]
Number of suppliers: 50
Number of customers: 30
Number of variables = 1500
Number of Constraints = 80

Welcome to IBM(R) ILOG(R) CPLEX(R) Interactive Optimizer 22.1.0.0
  with Simplex, Mixed Integer & Barrier Optimizers
5725-A06 5725-A29 5724-Y48 5724-Y49 5724-Y54 5724-Y55 5655-Y21
Copyright IBM Corp. 1988, 2022.  All Rights Reserved.

Type 'help' for a list of available commands.
Type 'help' followed by a command name for more
information on commands.

CPLEX> Logfile 'cplex.log' closed.
Logfile '/tmp/tmptodlk2ii.cplex.log' open.
CPLEX> Problem '/tmp/tmppxdjtf3j.pyomo.lp' read.
Read time = 0.00 sec. (0.08 ticks)
CPLEX> Problem name         : /tmp/tmppxdjtf3j.pyomo.lp
Objective sense      : Minimize
Variables            :    1500
Objective nonzeros   :    1500
Linear constraints   :      80  [Equal: 80]
  Nonzeros           :    3000
  RHS nonzeros       :      80

Variables            : Min LB: 0.000000         Max UB: all infinite   
Objective nonzeros   : Min   : 5.000000         Max   : 100.0000       
Linear constraints   :
  Nonzeros           : Min   : 1.000000         Max   : 1.000000       
  RHS nonzeros       : Min   : 125.0000         Max   : 804.0000       
CPLEX> Version identifier: 22.1.0.0 | 2022-03-09 | 1a383f8ce
Tried aggregator 1 time.
No LP presolve or aggregator reductions.
Presolve time = 0.00 sec. (0.72 ticks)
Initializing dual steep norms . . .

Iteration log . . .
Iteration:     1   Dual objective     =        124752.000000

Dual simplex - Optimal:  Objective =  1.5172700000e+05
Solution time =    0.00 sec.  Iterations = 56 (0)
Deterministic time = 1.39 ticks  (783.88 ticks/sec)

CPLEX> Solution written to file '/tmp/tmpn981o9tl.cplex.sol'.
CPLEX> Optimal solution found
Total cost = 151727.0 

x[1,7] = 135.00
x[2,7] = 410.00
x[3,2] = 362.00
x[4,17] = 275.00
x[5,3] = 188.00
x[5,20] = 85.00
x[6,12] = 346.00
x[6,19] = 98.00
x[7,13] = 134.00
x[8,2] = 168.00
x[8,7] = 100.00
x[8,8] = 58.00
x[8,9] = 53.00
x[9,19] = 180.00
x[10,5] = 137.00
x[11,5] = 311.00
x[12,14] = 345.00
x[12,25] = 146.00
x[13,8] = 395.00
x[14,18] = 308.00
x[14,23] = 97.00
x[15,16] = 387.00
x[16,15] = 77.00
x[16,24] = 338.00
x[17,29] = 122.00
x[17,30] = 183.00
x[18,15] = 151.00
x[19,9] = 127.00
x[19,24] = 309.00
x[20,19] = 166.00
x[20,27] = 114.00
x[21,18] = 300.00
x[22,13] = 248.00
x[23,20] = 173.00
x[24,1] = 381.00
x[24,30] = 90.00
x[25,15] = 413.00
x[26,10] = 174.00
x[26,21] = 21.00
x[26,27] = 163.00
x[27,11] = 261.00
x[28,4] = 359.00
x[28,28] = 70.00
x[29,20] = 318.00
x[30,13] = 153.00
x[30,25] = 124.00
x[31,28] = 280.00
x[32,30] = 191.00
x[33,29] = 136.00
x[34,21] = 322.00
x[35,6] = 456.00
x[36,7] = 125.00
x[37,25] = 80.00
x[37,26] = 364.00
x[38,7] = 34.00
x[38,17] = 397.00
x[39,16] = 127.00
x[39,17] = 57.00
x[39,20] = 26.00
x[40,6] = 226.00
x[40,20] = 127.00
x[41,11] = 117.00
x[41,18] = 49.00
x[42,5] = 201.00
x[42,22] = 183.00
x[42,26] = 19.00
x[43,29] = 380.00
x[44,9] = 242.00
x[45,23] = 127.00
x[46,22] = 303.00
x[46,28] = 186.00
x[47,3] = 110.00
x[47,28] = 168.00
x[48,9] = 55.00
x[48,23] = 207.00
x[48,30] = 196.00
x[49,21] = 371.00
x[50,10] = 358.00
x[50,14] = 54.00
