Sample Transition Probabilities:
[[0.98307832 0.01692168]
 [0.96157328 0.03842672]
 [0.78104698 0.21895302]
 [0.51887798 0.48112202]
 [0.51331628 0.48668372]
 [0.38208467 0.61791533]
 [0.09387107 0.90612893]]
Sample P0 Transition Matrix:
[[0.00177686 0.99822314 0.         0.         0.         0.
  0.         0.        ]
 [0.19231516 0.         0.80768484 0.         0.         0.
  0.         0.        ]
 [0.21893738 0.         0.         0.78106262 0.         0.
  0.         0.        ]
 [0.34974403 0.         0.         0.         0.65025597 0.
  0.         0.        ]
 [0.50774008 0.         0.         0.         0.         0.49225992
  0.         0.        ]
 [0.90320118 0.         0.         0.         0.         0.
  0.09679882 0.        ]
 [0.96281023 0.         0.         0.         0.         0.
  0.         0.03718977]
 [1.         0.         0.         0.         0.         0.
  0.         0.        ]]
Sample P1 Transition Matrix:
[[1. 0. 0. 0. 0. 0. 0. 0.]
 [1. 0. 0. 0. 0. 0. 0. 0.]
 [1. 0. 0. 0. 0. 0. 0. 0.]
 [1. 0. 0. 0. 0. 0. 0. 0.]
 [1. 0. 0. 0. 0. 0. 0. 0.]
 [1. 0. 0. 0. 0. 0. 0. 0.]
 [1. 0. 0. 0. 0. 0. 0. 0.]
 [1. 0. 0. 0. 0. 0. 0. 0.]]
Sample R0 Reward Matrix:
[ -0.02594855  -2.80849631  -3.19727697  -5.10752675  -7.41483997
 -13.19000122 -14.06050874 -14.60361381]
Sample R1 Reward Matrix:
[-29.20722762 -29.20722762 -29.20722762 -29.20722762 -29.20722762
 -29.20722762 -29.20722762 -29.20722762]
Sample Whittle Indices:
[-29.18127907 -24.59091592 -23.8748999  -20.67987638 -18.11803558
 -15.02196948 -14.75494701 -14.60361381]
State Transitions: [0 0 0] → [1 1 0]
Idleness Percentage for D=10, a=0.5: 1.000
Single Repairman Idleness Percentage for D=10, a=0.5: 1.000
